5.2977093750
13.8600000000
14.8960654150
13.6130770000
3.8566286400
70.6390369800
104.5806310500
7.9321544700
9.3872678000
27.4952520750
50.0848525000
71.7981633000
77.1330631000
133.0338317000
4.7975247500
32.7773905200
14.4683510000
18.9565336350
23.8360850800
13.9676589600
132.9135533600
85.6660000000
28.9233747200
66.8592493100
15.5050000000
52.1898882050
63.1636440000
6.7996408500
38.4894921600
61.0027253850
6.6367145000
42.4679769250
12.7323279000
46.7500000000
17.0972435000
50.7390960000
116.7730434600
6.4245963600
27.8550828800
154.3224796000
190.3686212000
27.2352590900
9.9843750000
134.3053974500
16.9313625000
108.0919425500
42.2531900000
115.3835301000
39.9823115400
82.8705554750
128.7518484650
44.4192843600
48.8100741100
24.2795248200
553.1283177000
42.0675218100
133.1450135400
11.1558600000
41.0359523200
30.2797800000
55.4242356000
24.6133275850
46.0485567000
13.0009527000
9.8096226000
184.5111415950
79.2943200000
206.1366100000
213.8872530000
39.6004503300
15.9063028200
162.0403873550
16.9240395600
72.2409408350
34.5610650000
12.2816400000
178.0010118150
14.3201850000
70.1281616500
82.6105057800
27.3613588400
39.1095640350
10.6648461300
17.0147952000
151.2319211100
41.4220198800
17.8329394600
40.1959070500
189.5619439700
166.1150652000
67.9850660300
58.7166298800
44.3893080000
10.9671966800
26.8557394050
34.1297328750
143.7954563100
61.5746241000
26.9200116750
57.3164440800
